# 7 stars found using the following parameters:
# sigma=1.00 roundness=0.50 radius=7 relax=0 profile=1 minbeta=1.5 max_stars=0 layer=0 minA=0.00 maxA=0.00 maxR=1.00
# star#	layer	B	A	beta	X	Y	FWHMx [px]	FWHMy [px]	FWHMx ["]	FWHMy ["]	angle	RMSE	mag	Profile	RA	Dec
1	0	2165.164115	48057.021479	      4.35	   3456.33	   1962.46	     12.14	      8.04	     44.55	     29.50	11.08	 3.904e+02	    -16.71	Moffat	0.000000	0.000000
2	0	2119.894867	13545.057751	     10.00	   3537.15	   1857.85	     18.12	     10.81	     66.47	     39.66	-25.39	 7.832e+02	    -16.67	Moffat	0.000000	0.000000
3	0	2188.332208	21272.272659	     10.00	   2431.07	   2054.20	     12.14	      6.97	     44.55	     25.57	8.15	 3.968e+02	    -15.99	Moffat	0.000000	0.000000
4	0	2097.116193	29467.374969	     10.00	   4713.08	    991.44	     11.04	      6.28	     40.51	     23.05	7.24	 3.881e+02	    -15.95	Moffat	0.000000	0.000000
5	0	2280.709339	21604.713047	     10.00	   2454.57	   2116.76	     11.41	      5.88	     41.87	     21.56	10.77	 9.916e+02	    -15.89	Moffat	0.000000	0.000000
6	0	2123.607354	28858.249408	      2.22	   4795.44	   2658.01	      6.35	      3.81	     23.29	     13.96	10.59	 6.230e+02	    -15.83	Moffat	0.000000	0.000000
7	0	2101.275559	19834.754577	      1.70	   1980.29	   2131.00	      7.07	      3.77	     25.94	     13.84	8.52	 6.039e+02	    -15.31	Moffat	0.000000	0.000000
